-0.0320 -0.7692 -0.6382 1.4643
-0.0584 -0.7421 -0.6677 1.4511
-0.0980 -0.7358 -0.6700 1.4625
-0.1147 -0.6995 -0.7053 1.4328
-0.1534 -0.6821 -0.7150 1.4328
-0.1941 -0.6591 -0.7266 1.4374
-0.1925 -0.6285 -0.7537 1.4056
-0.2343 -0.6035 -0.7622 1.3830
-0.1888 -0.5873 -0.7871 1.3059
-0.1754 0.5726 0.8008 -1.3195
-0.2021 0.5393 0.8175 -1.2962
-0.1825 0.5130 0.8387 -1.2948
-0.1596 0.4837 0.8606 -1.2413
-0.1064 0.4830 0.8692 -1.2278
-0.0850 0.4507 0.8886 -1.2027
-0.0584 0.4194 0.9059 -1.1955
-0.0206 0.4585 0.8885 -1.2076
-0.1241 -0.6850 -0.7179 1.3858
-0.1332 0.4805 0.8668 -1.2048
-0.0757 -0.5317 -0.8436 1.2470
-0.3165 -0.6249 -0.7136 1.4011
-0.2445 -0.6496 -0.7199 1.3914
-0.2352 -0.6776 -0.6968 1.4032
-0.2208 -0.7081 -0.6707 1.4207
-0.1611 -0.6885 -0.7071 1.3918
-0.1457 -0.6775 -0.7210 1.3786
-0.1228 -0.6618 -0.7395 1.3577
-0.0590 -0.6264 -0.7773 1.3031
-0.0582 -0.6174 -0.7845 1.2810
-0.0298 -0.6080 -0.7934 1.2423
-0.0249 0.5860 0.8099 -1.2449
-0.0557 0.5622 0.8251 -1.2256
-0.0554 0.5588 0.8275 -1.2424
-0.1155 0.5089 0.8531 -1.2093
-0.1599 0.4679 0.8692 -1.1978
-0.1589 0.4783 0.8637 -1.2100
-0.1934 0.6801 0.7072 -1.3706
-0.2380 0.6609 0.7117 -1.3595
-0.2828 0.6337 0.7200 -1.3556
-0.2679 0.6074 0.7479 -1.3411
-0.0014 0.5957 0.8032 -1.2143
-0.0007 0.6079 0.7940 -1.2261
-0.0135 -0.6156 -0.7880 1.2579
-0.0292 -0.6387 -0.7689 1.2867
-0.0607 -0.6530 -0.7549 1.3086
-0.0797 -0.6780 -0.7307 1.3430
-0.0411 -0.6769 -0.7349 1.3462
-0.0159 -0.6933 -0.7204 1.3718
-0.0141 0.7211 0.6927 -1.4070
-0.0477 0.5829 0.8111 -1.3116
-0.0673 0.5617 0.8246 -1.3033
-0.1101 0.5282 0.8419 -1.2956
-0.1169 0.5173 0.8478 -1.2880
-0.1542 0.5324 0.8323 -1.3165
-0.1037 0.5206 0.8475 -1.3256
-0.0771 0.5457 0.8344 -1.3641
-0.0462 0.5747 0.8171 -1.4070
-0.0122 0.5557 0.8313 -1.3670
-0.0161 -0.6232 -0.7819 1.4366
-0.0144 0.5887 0.8082 -1.4324
