-0.0320 0.6382 0.7692 -1.4643
-0.0584 0.6677 0.7421 -1.4511
-0.0980 0.6700 0.7358 -1.4625
-0.1147 0.7053 0.6995 -1.4328
-0.1534 0.7150 0.6821 -1.4328
-0.1941 0.7266 0.6591 -1.4374
-0.1925 0.7537 0.6285 -1.4056
-0.2343 0.7622 0.6035 -1.3830
-0.1888 0.7871 0.5873 -1.3059
-0.1754 -0.8008 -0.5726 1.3195
-0.2021 -0.8175 -0.5393 1.2962
-0.1825 -0.8387 -0.5130 1.2947
-0.1596 -0.8606 -0.4837 1.2413
-0.1064 -0.8692 -0.4830 1.2278
-0.0850 -0.8886 -0.4507 1.2027
-0.0584 -0.9059 -0.4194 1.1955
-0.0206 -0.8885 -0.4585 1.2076
-0.1241 0.7179 0.6850 -1.3858
-0.1332 -0.8668 -0.4805 1.2048
-0.0757 0.8436 0.5317 -1.2470
-0.3165 0.7136 0.6249 -1.4011
-0.2445 0.7199 0.6496 -1.3914
-0.2352 0.6968 0.6776 -1.4032
-0.2208 0.6707 0.7081 -1.4207
-0.1611 0.7071 0.6885 -1.3918
-0.1457 0.7210 0.6775 -1.3786
-0.1228 0.7395 0.6618 -1.3577
-0.0590 0.7773 0.6264 -1.3031
-0.0582 0.7845 0.6174 -1.2810
-0.0298 0.7934 0.6080 -1.2423
-0.0249 -0.8099 -0.5860 1.2449
-0.0557 -0.8251 -0.5622 1.2256
-0.0554 -0.8275 -0.5588 1.2424
-0.1155 -0.8531 -0.5089 1.2093
-0.1599 -0.8692 -0.4679 1.1978
-0.1589 -0.8637 -0.4783 1.2100
-0.1934 -0.7072 -0.6801 1.3706
-0.2380 -0.7117 -0.6609 1.3595
-0.2828 -0.7200 -0.6337 1.3556
-0.2679 -0.7479 -0.6074 1.3411
-0.0014 -0.8032 -0.5957 1.2143
-0.0007 -0.7940 -0.6079 1.2261
-0.0135 0.7880 0.6156 -1.2579
-0.0292 0.7689 0.6387 -1.2867
-0.0607 0.7549 0.6530 -1.3086
-0.0797 0.7307 0.6780 -1.3430
-0.0411 0.7349 0.6769 -1.3462
-0.0159 0.7204 0.6933 -1.3718
-0.0141 -0.6927 -0.7211 1.4070
-0.0477 -0.8111 -0.5829 1.3116
-0.0673 -0.8246 -0.5617 1.3033
-0.1101 -0.8419 -0.5282 1.2956
-0.1169 -0.8478 -0.5173 1.2880
-0.1542 -0.8323 -0.5324 1.3165
-0.1037 -0.8475 -0.5206 1.3256
-0.0771 -0.8344 -0.5457 1.3641
-0.0462 -0.8171 -0.5747 1.4070
-0.0122 -0.8313 -0.5557 1.3670
-0.0161 0.7819 0.6232 -1.4366
-0.0144 -0.8082 -0.5887 1.4324
