-0.0302 0.6712 -0.7406 1.4336
-0.0581 0.6813 -0.7297 1.4616
-0.0673 0.6426 -0.7632 1.4271
-0.0841 0.6269 -0.7745 1.4191
-0.0684 0.5920 -0.8030 1.3806
-0.1523 0.6072 -0.7798 1.4361
-0.1272 0.5794 -0.8051 1.3978
-0.2562 0.5639 -0.7851 1.4269
-0.1572 0.5499 -0.8203 1.3424
-0.1608 -0.5307 0.8321 -1.3618
-0.1354 -0.5160 0.8458 -1.3353
-0.1089 -0.5019 0.8580 -1.3330
-0.0628 -0.5038 0.8616 -1.3076
-0.1084 -0.4209 0.9006 -1.2646
-0.0317 -0.4805 0.8764 -1.2852
-0.0241 -0.4462 0.8946 -1.2733
-0.0048 -0.4390 0.8985 -1.2627
-0.0809 0.6104 -0.7879 1.3816
-0.0547 -0.4979 0.8655 -1.2874
-0.0456 0.5262 -0.8492 1.3097
-0.2491 0.5867 -0.7706 1.4155
-0.1851 0.6013 -0.7773 1.4021
-0.1279 0.6045 -0.7862 1.3863
-0.1877 0.6536 -0.7331 1.4355
-0.1315 0.6305 -0.7650 1.4032
-0.1120 0.6166 -0.7793 1.3877
-0.1288 0.6214 -0.7728 1.3928
-0.0801 0.5908 -0.8028 1.3451
-0.0666 0.5767 -0.8142 1.3202
-0.0412 0.5665 -0.8230 1.2841
-0.0078 -0.5465 0.8374 -1.2915
-0.0333 -0.5257 0.8500 -1.2767
-0.0407 -0.5167 0.8552 -1.2846
-0.0992 -0.4694 0.8774 -1.2535
-0.1454 -0.4282 0.8919 -1.2433
-0.1458 -0.4366 0.8878 -1.2527
-0.1989 -0.6460 0.7370 -1.4123
-0.2297 -0.6202 0.7500 -1.3981
-0.1730 -0.5868 0.7911 -1.3736
-0.2656 -0.5663 0.7803 -1.3808
-0.0111 0.5547 -0.8320 1.2650
-0.0112 0.5650 -0.8250 1.2767
-0.0215 0.5717 -0.8202 1.3016
-0.0272 0.5814 -0.8132 1.3245
-0.0423 0.5864 -0.8089 1.3372
-0.0484 0.5972 -0.8006 1.3520
-0.0326 0.6014 -0.7983 1.3587
-0.0180 0.6043 -0.7966 1.3681
-0.0008 -0.6614 0.7500 -1.4200
-0.0209 -0.5456 0.8378 -1.3428
-0.0425 -0.5269 0.8489 -1.3381
-0.0614 -0.5096 0.8582 -1.3326
-0.0783 -0.4934 0.8663 -1.3280
-0.0934 -0.5121 0.8538 -1.3471
-0.0520 -0.5076 0.8600 -1.3513
-0.0315 -0.5255 0.8502 -1.3703
-0.0129 -0.5413 0.8407 -1.3903
-0.0039 0.5288 -0.8488 1.3751
-0.0261 0.5791 -0.8149 1.4735
-0.0018 -0.5447 0.8386 -1.4548
